Dessau:                          51.833,	12.250,	0.300000, area
Halle:                           51.500,	12.000,	0.300000, area
Magdeburg:                       52.133,	11.617,	0.300000, area
