Erfurt:                          50.983,	11.033,	0.300000, area
Gera:                            50.867,	12.083,	0.300000, area
Jena:                            50.933,	11.583,	0.300000, area
Suhl:                            50.600,	10.700,	0.300000, area
Weimar:                          50.983,	11.317,	0.300000, area
