Chemnitz:                        50.833,	12.917,	0.300000, area
Dresden:                         51.050,	13.750,	0.300000, area
Görlitz:                         51.167,	14.983,	0.300000, area
Leipzig:                         51.367,	12.383,	0.300000, area
Plauen:                          50.500,	12.133,	0.300000, area
Schwerin:                        53.633,	11.417,	0.300000, area
Zwickau:                         50.733,	12.500,	0.300000, area
