Bremen:                          53.109,	8.781,	0.300000, area
Bremerhaven:                     53.550,	8.583,	0.300000, area
